85,3
85,2
85,1
85,0
84,3
84,2
84,1
84,0
83,3
83,2
0,525
83,1
83,0
82,3
82,2
82,1
82,0
81,3
81,2
81,1
81,0
80,4
80,3
80,2
80,1
80,0
79,4
79,3
79,2
79,1
79,0
78,3
78,2
78,1
78,0
0,524
77,3
77,2
0,523
77,1
77,0
0,522
0,521
76,3
76,2
76,1
76,0
0,520
75,3
75,2
0,519
75,1
75,0
0,518
0,517
0,516
74,3
74,2
0,515
74,1
74,0
0,514
0,513
73,4
0,512
73,3
73,2
73,1
73,0
72,4
72,3
72,2
72,1
72,0
0,511
0,510
0,509
0,508
0,507
0,506
0,505
0,504
0,503
71,3
71,2
71,1
71,0
70,3
70,2
70,1
70,0
69,3
69,2
69,1
69,0
68,3
68,2
68,1
68,0
67,3
67,2
67,1
67,0
66,4
66,3
66,2
66,1
66,0
65,4
65,3
65,2
65,1
65,0
0,502
0,501
0,500
0,499
0,498
0,497
0,496
0,495
0,494
0,493
64,3
64,2
0,492
64,1
64,0
63,3
63,2
63,1
63,0
62,3
62,2
62,1
62,0
61,3
61,2
61,1
61,0
0,491
60,3
60,2
60,1
60,0
0,490
0,489
59,4
59,3
59,2
59,1
59,0
0,488
0,487
58,4
58,3
58,2
58,1
58,0
57,3
57,2
57,1
57,0
56,3
56,2
56,1
56,0
55,3
55,2
55,1
55,0
54,3
54,2
54,1
54,0
53,3
53,2
53,1
53,0
52,4
0,486
52,3
